909 11111

maenum 1, 1. 111 14,911,19, mumulus imperator 4, 49. prinu
41. 91. 11111111111111111111 1111 14, 91.
1111111 11111111 Η 9, 97. ignominiosa 11111111 umus 11111 Ro 15,111,
19,17. 1111111111 1, 99. 7111101191111111,99.
111111111111 9,15. 9, 99. 79. 4,14. 1111111111111111111111114, 18. 111-
16, · 1111 111111111111111111 1111111114
11111111111117111111111 19, 11. 1111· 99. Veledae 1111111111 1111111111
tun 111111 mittitur 19, 91. 11. interfectus 11.
11111111 1111 11111111 9, 99. 11111111 1111111.9111111.
1111111199. 11, 9. 11111111 re· 11111 1. 11111111.
meat 11, 9. 111 1111111111 111111 1111111111111111111111111111 14, 59,
19, 41. 111111119, 47. 1111111111 praeceptor 111, 71. 11111
11111111 11111111111111111114,9, 1131111 ad 91111111· 1111111111111
1111111191111111111111111 4, ot> 1, 91. 111111111111) 11111114,14.
1111111 11, 90. repetitur cognitio 11111 eum 111191
1111111 9111111111 1. (199. 111111 fl 4, 40.
1111111 1, 90. 9,19. 4,1.47. 9, 99. 1111111111 Africae pop. 9, 99. prin·
11 1, 79. 79. 9, 99. 74. 99. 9, 71. 11111111111111111111111 4, 94.
1, 90. 141. 1111111111111111111111 1111114, 19.
11111111 1111111111 9, 44. 91 11 111 111111111. 911111.
119, 99. 11111111111111111 9 1111111111,91. 9,19.14.
19, 9, 9. 9. 1111111111119,19, 111111111111111119,19.
Mogontiacum 11 4, 11. 9441. 99. 97. 9111111147. ,
1911. 70. Mytilenaeo, 19. 14,19. 011.
111111 111111 Π 1, 19. 0111111 fl 1,14.
non· 1111. 11, 11. A 11. 11. 11111. 1, 1 1, 11.
1111111111 111111191111111 11, 9. 4. Nabataeorum rex 9, 17.
11111111111111111111111 11, 1. 14, 111111111111111. pop. (149.
111111111111111111, 19111. 1,19. 9, 9.
Montanus 1111111111, curum, 111111, Narbonensi· 1. 911111. 1111111111 111,
Τ111111,91111111. 79. 9, 19. 14. 99. 9, 41.
1111111 (1111111 pop. 114, 99. 11111111119111111 11111111 11, 99. 1111-
11111 1. 9, 9. 47. 11 , 90. 114, 99. 11111111 defert 11, 90. 11 eodem
90. 1, 99. “ 11191111115111111111111111199.
1111111111. 19, 97. defensionem 11111111111 impedit 11,
1111111111. 19,19. 114, 71, 77. 94, 1111 caedem properat 11, 97. ,
11111111 9, 47. quantana 111111111111111 11, 99.
luyso· 11 1, 911. ,111111911111 111191111111111111
11111111111111111111 praenes 111, 19, 1. Agrippinum 1111111 11 1111
10. 9, 99, 01111111 partibus 1111· 11111119,17. verba 1111 11111111
111111, 79. 11111111 l, 10. 9,1. 19.01. 1111111111111119,1,
11911111111111111111 119. 79. iu 11111111 (11.9111111111111. pop. 8⁴2„
1111 1111111111 adfigit 119, 90. 1111111 9,9. 119, 19. 90. 91. 7711.
dux 1111119111111111 1111111111119, Nalm v. 9111111.
19. bellum 11111111 offilbuu 1111111 Naso 1. Antonius, 91111111. ¹
9,14. 111111111ιά1 9, 9, mo· 111111111119,19.14,9.119,95.
111 Dacorum 111111111119, 41. cal· 11111111. Antonius.
11111119,1911. 1111111111 11111- Natta 1. Pinarius.
11111 9, 79. 11111111 1111111 nd 111111. n 4, 79.
1111111114,4. 111111111111111 11111111111111111 11111119,47. 1
114,11. 11111111111111111,11. (144. 11111 dolosa 1113111111111 ’
9, 49. 4, 11. 99. 91111111 finum necandam 14, 9. 1. ’
1111191111111114,90. 1111111111 Nauportus 1, 90. 1
1111111111114, 91. Pisonem 11111- 14111110, 9.
net 11111. 41. 111.. 1111111 11111111. 11, 11, 11, 11. 11, 11.
11111111 0 11. 1111111011. pop. 19, 97. 099.
91111111 praeceptor 9111111111 0 90. nemun Aricinum 11 9, 99, uerum Β
11111111111119,47. 111, 97. 9, 99. 4,14.
³· ffl- 1111111. 9111111,1111111.

 

