1111111111. ’311

1,43. 1111111111,11.1ο,11.1411 33111111111111111111111111111111 r Ἰ

'tm ³, ⁷¹· Foru. Fe α, 411 ner· ⁴, ³9⁸sp

111111· 15, 41, 11111111111111115,314. Teucer 3, 31.

1111. 111111,43.111114,51. 13, Teutoburgiensis 11111.33.

14. 1111111114, 33. 13111114, Teutoni pop] ,13,

31. divi 11111 ii 1, 43. 11111115. 111111111111111.3,11.

41. 3111111 11111111, 34. 3, 13. 111111111111111 1, 11. 11, 13. 13,

13, 3. 1111111111, 33, Minervae 1411. Antiochense 1111111 consui·

13, 14. 1111111113,14. 31111111· 111131 11133. 1111111113,34.1111-

11111115, 13. 1111111114, 33. Seiu- 1111111111-13, 33. Pompei 3,13.

11113,33.14. Saturni 1, 41. 111, comburitur 3, 11. 11111 mene 1

27. 3111111311. 3111143111· 1111111 1111111 3, 43. magnitudo

11111 1, 51. 11111114, 13. 31. 55, 1111111 in eo 13, ti. 411111 olim

Veneris i, 43. V. Genetricis 1311. uerit 14, 13. 111111 11111111 111111-

ν,1)1111111 111, 3. 11111115, 33, peto 111111111.

41, Ε 1, 43, temple 1111111111 edite ’1111111 vetere· Aegypti 1. 63.

1,15. 1111111115,45. 1111111113, 111111111111111111111113, 13.

43. 4,51. 31. 3,43. 113, 11. 1, Theophilum, 55.

restituendi eeertmoniae 114, 53. 1. nemnem 1111115, 13.

1111111111 (ione conquisita A 3. Τ1111111111111111113,1.

11131333111113111· 11311113·

li 1, 33. ’1111111 1, 34. 33. 1311111111 11111
Tencteri Germ. pop. 13, 33. ii 4,11. 4, 43. 43. 111 111111111114, 4111,

3417. 031. ae. 11 1, 33. tripudii 11111 pugnem
tendere 11111 vallum 111111111111111 4, 41.

13,33. ’ “ · 11111111, 54. 313311. 3, 33. 4, 3.
1111111,13. 3, 13. ii 1, 11.
111113111111111111 1, 41. 1111111311111 13, 43. Ρ1111111111111-
1111111111 1111111111 14, 43. 111113, 31. 1111111 exit 14, 11. 13
1311111311111111111111111811111111113, 11. 111 Antistio eontentio 14, 43.

3. 111111111111. firmitudo 1111111 14, 43. 1111111111-
111111111111 1111111111 pop. 4, 43. 111 provincialium 11 1111111 15, 13.
Terra 111111 G 43. occursu Neronis pro 1111111 15, 13.
11111111111111111 1, 41. 4, 13. 43, 14. apud 11111 accusetur 13,

11, 53. 14,11. 1111111111,43. 1111, 1131111111111111111 eompouit ⁴.

111 111111 4, 13. 11 campanile 13, 14. 11111111 interest 13, 11. ,

13, 11. mortio 1111111111 11 permit-um 13,
tertullini· 1. volentium 33. 1111111111 13, 35. 11111 glo·
1111111111111111111111111 ii 1, 13. 1111 exemplet 111, 31. 1111111111
1111111111113111111111 14, 3. 1411- 13, 11. 1111 11111113111111111111-

11111143. Α111113,14. Augusti 11111. 11111 1111111111 13, 13. 33.

1, 3. 3111111111, 33, 1111111111 1111- 11 4, 5. libertae 11. 11111111 111111-

1111 5, 33. 11111113,13. 1111115, 11111114,1.

i. Petronii 13, 13. Pisoni· 11 i, 111111111111111111111111113, 13. 1111
43. Vinii 11. Othonianorum 111, 31111311.

31. 111111111111111 31111111 dem· Thubuscum 1111111111. 4,14.
1111114,41. eapitis 3111111111 3, Thule 1111111 Α io.

13. 13, 34. 1111111113 (1111111111 11111114,11.1113111141111111111-

313. 111 111 adulationes potentium 1111111111.

14,11. 13, 13. 1111111111 311- 1111111111111111 0 3. 11111011.

11111, petre· 111. 3, 33. 13, 13. in 111111111111111111111 1, 17.

111111111111111111111111111111 1111111111 1111115,41. 1111111111,31.

1111111111111, 43. 14, 31. litii. 11111111114. 5.

17. Δ 43, 11111113,1.111111111111,13.111,33.111
1111111111, 35. 13,33. n 3,11 14. 1111111111 disputetur Ι, 13. in T.

31. 34. 4,13. 111111 eorpore 311111111111 3, iit.
tetrante 15, 15. 15, 1. 111 ’1. tectum 1111111111 111
Tettius 11111111 11111111 ii 1, 13. 1, ruptum 13, 13.

 

