1111111111. 185

aen 111111 16, 17. 11111111111111 11, 11. praetor lb. 11111111111111
1111111 16, 16. 1111111111 11111111 1113111111111,1. 1111111111 111111
ll 1, 76, 111111111111 o.
61111111111111,1. , 1111111161111111, 76.
61111111. Gaealua, 0111111111, 111111. 611111116111111111, 18.
011111111111, 1. 01116111111111111 11111111111111111111111111,67. 14,

6, 16, ll. 111111111. 11,,61. 111, 11. 16, ’

corma 111, 11. 16. 1111111111 16, 6. 1111111111, 4.
comella vlrgo Vealalla 4, 16. querceae 1, 61, 1111111111 tumul!
comella 01111 virgo 1111111116,11. congestae! 1, 66.
61111111611111111111 111111 0 16. 1111111111111111111111 11 16. 1111111-
01111111111111111111111116, 1111. rum odarlbua 1161111 16, 6, 11111-
6611111111 0 61. 1111 11111111111111111111111111111
Pcornellua 1111111116, 64. crematae 17. damnatorum lu 11111-
611111111 11111111 11 1, 7. 11111 111111 6, 11.
1111111111 11111111, 611611. cerulea 111111111, 16.
6111111111 01111111 111111 4, 17. 01111111 1. 111111111.
611111111611111 consul 1,14. 11111 611111 1111111111.
11, 16. 0111111111. 11, ul.
Pcornellua Dolabella 11111111 1111111 1111111111 11111111111111. 61.
1,17. 69. 1111111111 111111111111- 01111161111111111,61. .
1111111111 1111114, 11111. 111111111- 0111116111111111. 1111111111.
111 11111111114,16. (1111111111 011111111111111116,11.
varum accusat 4, 66. 11111 111111- 61111111111611111111116111111 1111-
11111111111111111111111111111,11. 1111111111 1111111111 11, laq. lege
61111111111111111111 1111111111111- repetundarum 1111111111 11,11. 16.
11111 11 l, 86. 11111 11111111111111 11. 1111111111 1111111111 1111111 ll,
111, 66. 41. 11616111111111111 1111111111.
comanus 1111111 16, 61. ’113111111 gener 16, 17. 1111111111
6111111111 111111 1111111111 1111111111 1111111 11, 18. uh 1111111111 16, 16.
111,16. 1, 66. 1111111111111111 61111111111111111111.
6, 4. 11111111111111111 praelectus lcotta 1611111111 11111111 accusatu·
ll 1, 11. 111111111ιί11 1111111111 6, ³, 66.
41. 1111111111 lnalgula 1111111111111 61111 v. 11111111.
4, 4. Gutta 111111111111, 11. 11. 11. ulula
tornellua Laco praetexu 1111111111 ll 11111111111111111111111111,16. atrox
1, 16. 11. 1311111111111 1, 6, po· 1111111111 lu Agnppluam ac Naronem-
11111111116111111 ll 1, 16. 1111- 6, 1. 1111111111 6, 6.
(11111 ll 1, 46. ⁴ 0111111 Alpe· v. 11111.
0111111111 Lupus 11, 41. “ cotys ,1111111111 11111111 rex 11, 1.
Cornelius 111111111116, 1. Ι 1, 61. Coty· lloaporl rex 11, 16. 11.
011111111111111111116,11. 61111 rex 111111 ’11111111 1, 64. 1
1111111111 1111111111 prlmlpllalla 11 1, 111111111111111111111111,66. 1,61.
11. 71. 1111 111111 11111111 Roma 1111ρί111
01111111111111111,61. Ml. 1, ⁸8. 1,6. 11111,17.
1111.11111111101111111111111.11. 11111111111161. 11. Α 11.
16,11. 111111111111114,11. 6111 lunula 1, 7.
6111111111 1111111 11 6, ll. 6111111111 1111111 11111111 fl 4, 41.
1111111111 811111 1. 811111. 1111111111111011.11,14. 111111
carnellu· Sulla 111111 1111111111, 16. 1111111111111111111111 1111111111 111111
61111111161111 11111111,11. 6, 16. 0 66.
6111111111 Sulla 11111111 v. sula. 110111111611111111) 11111111 111111 0
1111111111 Sulla 61111111 1111 11, 16. 17. 111111 1111111111 G 67. 1111111111
11111111. 61. 111111 1111111116, 1,1.
11. 1111111111 1611111116. 111111- 1161111111111111111111111111111111, ·
11111111, 67. ll. 1111111 4,11.
eumenus ’1111111111 1111 1111111111 4, 61111111111111111111111 111111111, 41.
1111. 111 1111111111 1111111111 11, 11111 111111 11.1.111111116,11.
11. nl, 1. 111111111111111111111111 6111111811111111111 ll 1, 47. l, 61.

 

