n1sn01rrcna. ’383

Chariovalda dua 3111111111 ,3, 11.
0111131111 Germaniae pop. G 34.

1111111 1111113114, 5. 111 Ι3111111 113.

33, 3, 47.

0111111 Germaniae pop. 1, 33. 3,1.’11111111111,31. 13,33. 14, 4.
33. 41. 88. 114, 31. 1111111111 agi· 1111111111111111,31.33. 3, 31. 1111
1131 13, 31. ab Hermunduris victl 113, 33.

13, 31. 111111 Gan. 31.

1111111133, 11. 11. 11. 33. 31.

Chauci Germaniae pop. l, 38. 1111111- 011111111131131131 14, 33.
11113111113111311,311. 3, 11. Ger· 1111111313 1131131 11 rnpplieio 11111

31131131 131311131 11, 18. Ampal-

², 33.

111111111133113, 33. 011111 anal 0111111111 1. 131131.
1113111111131111, 13. 3, 13. 11111 clavarium 31311111 nomen fl 3, 33.
1113111331, 11111 et 131111 Gli. 0113311311111114, 33, 33. 131331-

31111111 11, 13.

terium 3111131111 1, 33,

03113111 Germaniae pop. 1, 33. 13, 01113110313114,31.
33. 1113111111131111111, 34. 033. 0111311811111113111111131111333.
13 Arminio concitantur 1,33. a Ger· Claudia Silana 00111131 31111 3, 33.

1313111 pulei 3, 11. 13111311 diacor-

1311 ti, 43.

3111 3, 33. bellant contra Sueboa 01133111 familiae rnperbia l, l. 13.

3, 3. enm Chattia discordant 13,

311131 31111 Η l, 13.

38. 11111111111111111111131033. 011131111 3113131113 13, 3.

11311ιί1 nona petunt 11, 13.
11311111. ¹

01133131113111111111 ll 3, 31. 1111131-

311 praeerat ll 3, 13. praefectur
1111111 Η 3, 11.

03111131 13, 44. 0311111131 1111111113. 011131110111111 11111110111111.

Cibyratica 1111111 4, 13.

01113111 01111111 1, 39.

1301111101113131 iaudat 4, 34, 1111 0111313101111131113, 13.
11131131 Gli. 11131 ca 113111111- 01113131 013111 1, 3.
111111013. 13111011. 11111013. 01113131 Faventinnall 3, 31.
11311 11131310 to. orationum 1131111 01113111 11111311 11 3, 31. gladiatori·

033. 33. praeceptorea 033. 13111-
111111110 13.

13....711111311111, 13, 1111111111 11
. .

01111113, 38. 33. 30. 3, 48. 3, 31. 01113131 31311 Batavus ill, 18. 1

13, 8.
01111113, ts. 13, 31. 11111111011111
3111113,33.
Cilix Tamiraa Π 3, 3.
cito 1111111113, 31.
0131311 Germaniae pop. 111, 13. ott.
cincla lex 1. lex.

11111311 perfugit ll 4, 33. Civili
11111111 114, 33.

01133111 3111111131 1, 3.
01113111 3111111111 3111111311 Η 3, 13.
01133111 Sagitta praetentu· 1111 11

4, 39.

01133131 3111131 (81311111) il 4, 33.

1131111 1111131 13 patriam reportati 011131318131111 13, 13. 13, 31.

11,13. Germanic
cingentur Varro 14, 43. 113111 de·

3,13. 3, 3. 011331118111131 lleivetlorum dnxfl

l, dt.

11131131 11 1, t. 11111111 11 1, 31. 011131111131111311011113111 13, 31,

01311311 atricae pop, 3, 33.

Claudiae Victor il 4, 33.

01311 1, Ι. 11 arira confligit 113, 33. Ι1101133131, qni 31111311331111111, 38.

apud 1131111111113, 31.
cinyrae 113, 3. 01311131111111311 13,
11111311 ludicrum 3, 31. li, 11. 13,
41. 1331413314.
111131 13, 14. maximae 3, 43. 1111-
3111131343. 13,38.
0111131113 pagi 3, 14.
011111 111113111 141111111131131 A 43,
0111111 1, 1111110111111.
11111111111131111 3, 31. 13, 31. 13, 13.
1111111 Romana donata praeratum vir·
111113, 111. 13,34.111,3.13. 3, 41.
0113113. l, 13.

011111 Apollinia oraculum 3, 31. 13, 33.,

3, 13, 1131 3111 8111331 11111 de·
11111111 3, 33. bonarum 111113111-
piena 3, 43, imminutae 1111111113.
31311 11, 3, 13. 33. 11311111 1111311
nanrpat 11, 13. 11311111111131 3131
131111 13. norae literarum 1111311
adiicit 11, 13111. 111111 pro Gallia
11, 34, elegantia in dicendo 13, t
11111131 113311 11, 33. ritae 11111-
311 intolerare 13, 1. uxori 311131111
11, 38. 13,1. 311111113113 31111111

31111 11, 38. Agrippinae 113113
gitur 13, 3. pomerium 11311 anget
13, 33. privignum 3111 anteponit

 

