1110011011. 303

11101101 1101111 3, 13·

Nero, 1011 1100110010 1. 1100111111,
11111333131111“11.“’10313
1100111οι 3111100100 10110001101 13,
15. 0011111 (31111111 11111 11 111000·
1111111, 9. toga 1111111 11 01111111·
111 11, 41. proconsulare imperium
11111 1111110 111. 011011011111011111
111. 011111110001100111111, 38. men·
11001 01011111 1011111. 1010111101 11-
0111111111,33. 1111111110 10 110111
1111101 01111111 3110010001 111001 11-
0101111011 13, . 11101 1111 13, 3.
14, 13. 11111111101111 13, 13. Acten
1111111101 11011 13, 11. 111 octavia
nonme 11101111 111. 111111111101
14, 31. 1110 1110011111. 1101110
10111101 111111 14,11. 311110010110
110100 101111 13, 13. num 1011111
concubitum 11011111111 14, 1. 10111110
1011111 0111111 14, 3. 000111 111111
14, 1. 1111001101 00001111 14, 111.
11001101 11111 14,13. 1011111111 11-
101 101111111 14, 15. 1111111 1110-
110111 111. 11 1111110111 1001101114,
111. 1110001001 1131010101 14, 33.
1100011110 1101111 13, 43. 010111

· , 0001001110114, 33. 11110011 101011-
01 010111 13, 33. 0111001110111111
13, 34. Pythagorae 011111 13, 11.
10011111111101 0101101 11,11. 01111-
1111001 1000110111 113011 11, 44. 000-
1111110 10 1110 15, 411. 01111111 10
11111110 01011 13, 4. 101111100311
10111111 1111010111 3, 11. 10001110
1010 111011 11111011 13, 3. mortuam
110111 111. 01011111 100111001111
1, 10. 110111 14,14. suga 11111111
ἓξ, 9151. 10111111 11 11011 1111111101

11110 (1111010101 311111, 43. 1101101
1 11111110 0000110111οι 3, 111. 4, 3.

, 1111110 111111 111110 11011 uxorum 3,
13. 1111110111110114, 11. 1001-
1010 1111 1111 4, 17. 8111011 1001
1011011101 4, 33. 11. 11111110 10
110110 110111111 3, 1. 11110111 1

Νξτίρὲἶῶτῗωῗῇ :fater 1, 13. 3, 1,

Nero 11111111 1,1, 1, 3.

Nero Otho 100111110111 1, 73.

Nero 11111111 1111011 0 11.

1111001111010111 16, 11.

Nerthum colunt 1111111101 G 411.

11111101111111 1, 1. 1100101110 10
ubertatem 0111011111 ⁸ 1111 1101001
0111101 1111001111 15, 11, -

1111110000111 legum gerstun 4, 31
1011011111010111 01111 ,13.

111111311111 0001. 13, 43. 11101 1111.

11011111111011 v. Traianus.

1100101111.. po . 111, 11. 11. 11
0111 11110110ῑέ 4, 36. 1 cannino·
11111101 1111 11 4, 111. Germanicam
0110101013001101 um. 101101 10·
1101111114, 33. ’

110111110018111111 111101 13, 43.

1111101013. Ι

1110101011101 111113, 41.

Nicephorius Armeniae 11. 13, 4.

11101101 Sacerdos 0 15.

1110000111 10111111111111Λ3. 0010011
1101011113,13. ’

11ίο0111111 robur 010.

1110111111111111111, 1111011111, 1111
011.

nun· 1. 1, 311, 31.

111001 ,11101111 11111 11, 13.

mnam 000. 13, 3.

augelus 000 1111 Germani computum

1101101111,3.11. 4, 31.

001010 111 01111101 1010011113,13.
0, 11 1110111 damnatorum demota
11, 38. 0, damnatorum 111111 111-
1110 3, 11. 0010101 dux 0111110110·
1111, 31. 111,13. 3, 13, 0010101
consulum 0001110111 praescripta 3,
31. 1111111114, 31, 11000111 111111
0111110110111 14, 11.

11001011 1111111 1, 13. 30.

110011011 v. 8111111111.

1100111 11111011 114, 41.

1100101 31010111 1 1011111301 1110111111
1, 33. 010111111111,39.

(1110111011 cont. 1, 35. 11101113, 11.

1110151011001101 2, 19,

1101101111 1,’33. 11 1, 11. 13. G 3
1101101113,3. 3,13.

1101111110 Germaniae 000. 114, 13.
31. 33. 31. 11. 13. 13. 00 11 Vocula

recipit 111, 31. 011111 1111110011ηο ,

1110114,11. 3,11.
11011111 011010101101 11 1, 13.
Novanus v. Automuu.
novendialis 01013, 3.
00110110110011 11001. 11, 11.
1101111111ιοοι exul 13, 11. ,
1110111100100111131, 111101101 14, 11.
1111110011 Germ. 0000101 G 41.
1111011,13. 11011 1101 15, 41.
111101 1111111113, 11.
1110110111 13, 13,
11001011013111101 01014, 11.
1110110111 ’11110001 13, 13.
11υο11111 1111011 000. 0, 11. 3, 11.

1
1
1

 

