308 innox

0011 0010 0110 000011101113,33. 1 300110003010110014,41.

301000 1011130101 13, 34. 0003300100 1, ι mo. 111, 11, n
100001 0 p. 30000010013,11. pontificatus 01001000 111, 91.
Pompei 13001100 1000 0300001001 3. 00033000011110110100001114, n. pen

11. 0100130011111000001100103,43, 1031311001 00000111 sis 1, 11,
1010001001 001001 14, 11. Dialis 00010 iaciunt 3,

Pompeiopolis Ciiicioe 011101, 38. Pontius fregellana· 3, 48.

Pompeios 30110000 14, 41, 300110133οῐοι 13, 44.

Pompeius 00000 non. 3, 14. 33001100 0000013, 43.
110010010οΜ11οο 4, 11. 3,11, 3001001333. 13, 13. 13, 11 1, 3,
1)οο00100100010003 1, 31. 111. 3, 41. 01000101011001111,11.
Pompeios 1100010100101 1, 11, 010001030010031, 83. 1, 41,
(1οΡ001 010031000οι 1,1. 3,13. 4, 1)οο0000 3011100 001οῑ101110ιο 13, 43.

34. 318. 11, 31, 13, 3. 34. 13, 3100001100010010011,1. 0311101100

11, 11, oo. 11, 11. 111, o. mo. 0011111111.

3, 1. 1111110 01 Solis occultior, non 1000000 3011100 ‘roilli-⁸ 3110 13, 43.

melior ii 1, 38, 01011000 uiuitis 3013131100101010113,11. onnon

31. 00100111 30110 01101100 Ι3,’13, 11031113. Neronem 10 0001001001

0011010031,13. 00111011 13, 43. 0011101001οη 0101
100001003001100013,33. 13, 13. ’ 0010101 14, 1. nobit 01 14, oi.
Pompeios Propin 000 30101000 01000- isos 00 00 00111 13, 13. 01011101

1010131,11. . internuntio. 13, 3. 0111100101οΜ 14,31.
Pompeios 81101000 3011001100 ispius 30001 11000100 decreti 13, 11. 110-

31, 83. 0000010110110110 0000103 1000 sb othone 1003101003 1,18.

3,111. 000001000οιιο 01000001101 30000000 3031000 18031000.

. 114, 11. 100000100 ox 01001001οΑ11100 301011 1000010 0111 11, 14.
absolvitur 13, 31. Porcios (103) 4, 33. ss·
Pompeios Vopiscus ii 1, 77. ¹²⁰¹i²¹⁰¹ ⁸⁶ 31311111 fl 3. 5·

300001011113000013, 11. &manga-²¹¹, ω. fl 4, ²⁰· ³⁰. 7

Ροο10010111111100011,33. Pomm 13 5⁰
CPompoios 000101 11, 3. 001100 3013011131000001 3 3, 41.
8013001001οι Gn. i. 1,1. 13. 3, i. 001001100300110.
SoxPonnpeins 000001 1,1, 31000003οι 1001011110 010 3 3, 11.
1003010 01100113,11. 3130013001 1901100100 310101011,43. 01100311.
incussi 3, 11. Postumus 0, 101Ιοοι, 101100, Poenius.
Pomponio Graecina 13, 31. Potitus 0. voionus.
Pomponius 14111000 Drusi 11031313. ⁴³· proedo quse 13 30000, 0000 03 10111101
33001 0010111000001, 31. tom! ². 0013000133, 11.

4333001100 11313ῦί1111 363. 5111113 praefecti praetorio 1, 1.14. 4, 1. ii}
0100100101 1110111013,11. mi, 3001,14. 14, 31. ii 1,11,
Pomponius 1101100 4,41. 13000100 0110- 0¹ ε ustibus 10011114,38. remigum
0311100111. 0, 11. mianton 11, . 11000101. ciaconio.
1110110 011113,13. 3. ns, 1. 010031. 11. 33, 3.
330010οο100 30000300 0001100101 3, 3. 12, 79, 1,10,10. 1,11. ustum
111111.111113111131131 -i 111103· inii· 11⁸. ’22³⁶
0 i ¹ 0 0 5 0
011011 1100010 30110101 11,18- 0²¹· 01011001010001011113,13. 0000000 i,
0110001 pionis 0100111111). 01 0 13. 7, ι1,11, 0001101001 1, 13. 13. 33,
010001101000111111100,11. 110110 33. 11, 33. 13, 33. 14, 31. 31,Ἰ
01013 immixtos 13, 43. 16, 13. 83. 3,1. 14. 4, 311. 33. 3, 111.
Pomptinae 0010301 13, 41, 010010010100 011110 0110001 progressos
000 111010100013010100, 3, 11, 4,33. 14,41. 111,11, 1,

0010010001103011000101,33. 33. 33. 3. 34.
Pontio 3001111010 sb 01001010 0001111101 310000010 13, 43.

13,14. 34,11, 0100100101, 14. 000111101,3, 11,41.
Ponticum 10010 13, 33. Gi. 001, 0000030100100033,31.

34. 10111100 0011111 13, 3. 0103 Praetextato Snipioisiii, 41.

3, 41. 0100101 13 1001101010 1010110000300

 

