311 133311

5311111111 rell: li 3, 5. 1311111333 513131313213311131.

. 131131 Treveros 1311311111, 13. simulacrum ‹livl 11133111 313113 3, 63.
531113151113133113,12. 11,13. Apollinis 12,22.13311113 venem
531113121333113316,313,13111333 112, 3. 133331133113311313 15, 11,

stranguletur 6, 33, lllnervee 1313313 13 33111 11,12.

51511113111111,16, ll, 12. 15,11, 113111333331131οιο113111312,21.
331131111113113,11. 1113131113 delapsum cenulolunl 11,
51311111,13. 3,12, 1313111112,23 32.113131131111331315,23, 33111
513313311311331, 53. 1311331155, 5, 315151113111 1113.
111311 neptem 1113111131 13333111 11 3113113313 1,13.15,15.ι33311331,
5,1, 53313331,31331131331 13 1113133113
511312, 22. suenorum rex 12, 33 133132, ’ll
113, 5. 313 1313111133 1311111111 5131131311, 13
3, 21. 113331111331111111, 111.

1133133531113311,13. 2,11.53.11 Sinnacen 1111113111, 1133. 3613.
1,13.1.31133’11111,31. 15, 12. 513333 Ponte 31111111 631111.

Η3,2Ι 313. 1,1311111131332, 15. 51333111 opp. 12, 113,

13. 3, 53. 1, 15, 31. 1311113113,31311313131111111111.

2. 31333112,51. 3331113311311· 5131131211.

111311113111131,33, 3331311313 , 5111311133. 1215113,

23. 3131333313113131,23,13113 51131331 3331111131, (123.
3113133131. 5113331 centurio 112, 3. 1111133131

113311311,13. 2,51. 3, 23. 15. 113, 51. 023.

5113311, 61133111, lunia. 51133315111111113133131131132,1.
5113331 3111311331, 133131. 511533316313113113333, G 15.

51111 13 3111111131 1131113 13, 23, smyrne 1. Zmyr 31.

5111131313 ll 1, 23. 2,11. 1331113 53113113 12.

51113111111131113, 65 13113511133311313113,1,6,11113111

5111311131113331311, 33 311311513. llum 13,53.13313111111 3131113111.

6511131 1333113111 (l’ermenlee 1331131 3111113311133313113311312,11.·

1, 31, 5311313333 111111 31113331 13113113 13331111311, 51. 3, 61. 11111
1312, 6. luchenton 11311531312 1, 51
1. 25. contre 311131 133133313111311 53133131 ’1133111331 11,13. 3111,
3,12. Seu enorum 31331 1311113, 31131331 11, 51. 11111331 apud Ν.-
15111313351111 1311331 1311113311, 13331311,51. 15, 53. 115111133311 1
12,1,18Ρ1113133 153113313133 11, 51.(13. 1311331 3331111313 15,
1111111, 13, 313113131331111, 12 31. 11331331 11111331 3131133131 16
3331315213 1111111111 11, 33, uxor 13 11133351131131313111133115,12
1,13, 331331111313 31311131 13,11. 12. ll

cslllue consul 311133113111, 5. e 1, 31. 3113131103111113111, 63. l
11111111131113111111, 12. 3111133· 13333161131,12.

3111133111 11, 26. 131131331111311 8311133131113113313311311 12,23. 3
1313533111, 21. melum ‹llsnlmulet Sohaemus rex 112, 51. 5,1. regio
{N} 3111311111 11, 35. 31313133 nem Sophenen 3 Nerone 133131 1

11111 313111 l, 53. 11313111 sacre 2, 1311333313351131113111,12. 311331
12. 113131311525, 11113313 domo 1353111111311133 ll 3, 21, solla 3
11313311 13, 12. 333311111331333 G 15.

51111331111511331 15,33. 1, 31 Gra 231111333115,11.1113,23. “
3131,211311113,1)ο3133133,231333 53133 Athen 13311111313, 26,

3131 5313131 333. 5, 2,

5113131 3111333113 333. 12, 32. 33, 1331311113 11111115, 1. (1111113331, ὦ.
13. 1111331133 3331111 All. 111111 3113131312,11,1)3111311,1.131-
1311511. 3131331 131313131312, 21.

5131313131 111331 11, 22. 13113111, 13, Ι233 hene 1313 13. 1,

51313 ludaeorum regnum 1311131115, 2331)-1131113012.

3 1231311113111133331131111..23113311.111311Ι
31331333331331 11111115, 12. sortes Germanorum G 3. 33113 11111
511,ιιοιιιιιιι 11 monnone, 31, 33. ιι. 11, 13.

 

