191 11111

39, 11111111111111111, 3. 11111111 1111111111.1111,8.

sugg 15‚7. 11111111, 1. templum 11 4, 81. 11
11111111 111111111111 111, 111). 3, 9. 811111111111111 (11.

11. 11. 41. 1111111111 Germ. pop. (1 1.

1111111111 v. Tullus. 111111 111111111ρί1 11111311 3, 111. 111-
nypaepenl 1, 11. 1111111111 11111111 11, 5. 111111-
1111111111 0 11. 18. 11. 1111111 11, 11. 11111111, ⁷9. 11,13.
11111111111,1,36.43. 11,1. 14,11. 11111111811111111111111111111111μί

11. 11, ι. 11111111111,17, 1111- ΙΙ111111111113,6. 11.

1111111.1.11.11. . 11111111, Flavi 111111, Cheruscorum
lm! templum 49 {ix ¹7ll, 16. pulsus 11 restitutus

, .
1111111111 111, 51. 1111111 Suriae 11311111 11, 13.
11116, 31. 1111111 8111111 111111111111111111 11-
111 1118111111 11. 11. 111, 1. 1111113,19. 11111111113,11. poena ἵ
11111 (1111111 libertus 11 1, 13. 1, 15. 1111111111 11, 11.

11111111111111111111111,13..111- 11111 1111111111 rex 1, 5. 1111111111

1111111111111. 11111111 111111 Vl· Ptolemaeus 1, 1311.

11111 111111111 11 1, 33. 1111111111 1111111111,3. 11, 1111. 1111111111-

1, 31. 1, 11. 111111111111, 11. minutionem 11111, 41. 111111111-
1111 11111111111111.11,1111. 111111 11111 11 1, 11. nt provincia 111,

tex 11, 31. 1. 11111111 cum 11111111 1111115,
1110111111111113,1. 1111. 11 ea 111101111111 111111
1111111111. 11111111811111111 1, 1.

11, 4. 111111 11111111181111111111111 11, 11
1111111111 1111111 1, 18. 111 muniendi 1111111 11 1, 11. 111 se ¹
Ι 111 1111111111 13, 17. abstinent 111, 4. origo 1111111111 ¹
18111111 1, 111. 11111111 1111111111111- 3,1.1. regen 111, 8. 1111111111 ³

11111111,11. 111,1. 11, 11. 111111, 81. mente
1111111,111. 6, 11. 1111 numen intelllguntflm. pri·
illyricum 1,1. 41. 1, 41. 11. 111, mum 1Ρο11111111111111 11. 1. 11-

111. 1,18. 1, 1. turbaturum, 1111111111111111,10. 2, ⁴¹· 11111

1. 1111111111311111 16, 13. flu, 1. ρ1111115,1.
111ξ101111111 pro tutela 1, 31. 111111- 11111 dux ludaeorum 11 11, 1.

11111 11, 11. imaginum pompa 1111111111111111111111 1111111111111- Ἰ

3, ἐξ. 1, 11. 11111111 11111111 11 11ἀὲ11,1ζ1.608111111η11811 1111111

, . re 1111 . 1
111111111111111111,3,1.11. 1,16, 1111131111,’11.1,11.18.1,11. 111, 1

111111111111111111111111111111111, 13. 111111111111111, 9⁵. origo 111 ’

Ἀ..Ι1;ιι1·οι1υ1ι1111311111411111,1. Nero 14111ὃ11, 31. 4, 1. lex 1, 111.
1111111111 11111 111111 (1111111111 da· 11111 August! 1111, 111111111116, 11.

1111 1, 43. 1111111111 111 rubrum 1111111113,11. 4, 41 111111,53,
«nuo 111111 1, 61. 1111 111111111- 11111 August! 111111 1111111111 3, 14.

“ 1111111111 11. 11111111 1, 11.

’11111 v. 111111. 11111 August! uxor v. 11111.
1131111111111. 11111 (1111111111 11111 11111111 1, 54.
11311111111111111111111111 1,18. 1 minicio 11111 8, 11. 1 Claudio ¹

(1111111111 fugatur 1, 11. 11, 111 1111111111.

111111131111 11113111, 411. 11111111111 1111 1111111 nubit 3, 13.
11111111 v. 11111181. 1111111 1111111111 Blando 1, 11. ad
1111111111111111 13, 1. 1. 01111111- 11111111 111111 13,31,13.

utrorum praefectus 13, 11. 1111111111111111111111111111 1. ab
111111111θῖ1 popu. 3133& ⁴ 7 “ ΙΙΙΙ(1113111111Ι1ῐ1ἲ1118111111ἳ111111 Α 7.
111ξιιωῐῗ1ω111,’61. 1, 11. 63. luter· 11111118 ε. (311111111,1·111111.

11111111 1, w. 111111111111111111111116, 1.

1111111 dux ludaeorum 11 5, 11. 111111 Agrestis 11111111 fl 3, u,
1111111 11111 1, 53, 1, 10, 111111 Auleon v. 13111111.

 

