286 “ 11111111

01111111115111115 115, 31. 0111111511111115,55. 5,10. 5

0111115115555,17.55.53.111-1115 011111111 1111111153, 61.
11111111111111111110511115151111- 011115, 47,

111155, 57. Vitellii 11 eom adven 0111115 secta 16, 34. 5 4, 40.

11155,10.011111111511111 11111- 0 115115111555 0111111115111

1111511511111111511111 111111155, 1111111113, 55. 5

100. 1111111111 a Flavianis 53, 0111111515 Caesium Cordum acensi!

51. 51111111111151115111511111155 3,10.1)11111151511111114,1111.

3, 30. 11111 11p 3, 35. exscinditur 1111111511111151154, 43.

11111111111111111111111 01111111513111515,11’7. 5

3,34. 01,.11111536511,’31.Ἰ
0111111111 011115 historicon. 3411. 0115111 1115113,53. 5 5, 8. 1
Crepereius 011115 i⁴,5. 01111111115111111111115114, 35. 1
01111111511111111511111111,75, ’
1111111111111111111,11.1111111111111.

01515 11111114,51. 111111511153,33. 551151,5. 113, 45, 114. 5⁴. 015
15, 50. 111113, 55 040. 111- 0551111111. 5, 3. 11, 3. 10. ,
1111111111 11151110401111111111- 55111115115111011111151) 533111

gatos 11111113, 53. 11151111111111115 1111515 Othonis 5 1, 75. 5 35

53, 5. gesbaa legionibus 11111111115.

0111111531151115,4.43,3111151511 partibus 5111111151,

111115 ,1111111515 ex 111154, 01 86. 11 115111551111511 1151111155

01111111 31111311151.41.3,15.11511111511111111153,531

011111 111111 v. 011115. Dalmaticum 1111111111 6, 31. 111111

0115111111 01111111,14. 3, 3.

01111111511111111111,53. damnati testomento et sepultura 1111-

01111111515111111,551111. 1111111115,55.1,53.11115 forun5

111111155111 3, 43. 15111511 15. bona 11511115 5111111111

011111111073.1153,55.05.13,4311111151151115

ctesiphon Parthorum 111115, ⁴2. 111513,11.11111111151111 1111115113

011111110111111.11.111111111515111111151110,13.

0111111310801111111111113,46. 01111111515,15.

0111111151511111111. 051111115115,15. .

1111151111111115,53. , 55111115 115, 53. 4, 5. 15, 30. 5

1111115111111 15, 2⁴. 3, ⁴6. 01.

01111111155111111 v. Maternus. 0111111153 33. 011115111115, 5³5

00111111,7. 0111111031. Davara 1111155 41. 5

11111 vehi tn 11115 vetitum 1,15.011111111131115111111111),15,35,5
proeliari Α 15. “ decemviralis 1111151151, t. decemviri

011111111115111113,55. 3, 57. 5

TCurtisius 4, 57. Decimus v. Pacarius. Τ

0111111 Atticus ⁴, 58. 5 Seiano 1111111- Dacius Seronis 0 21. ¹
1111115, lo. 51111113, 50. 0111111151111 11, 33.

01111111111551,41. 5,115 decumano 1111111, 55.

0111111 Lupus 111111114, 57. 1111111151 cohortes 5, 21. tegiooes5

01111115111111510,58.1111111111-11,44,51,31.11111111111111111

111115111115,50.111111111111111 111. 37. 5

16, 33 11111111 sententiali 115111151111111053.

111. 1111111111 1111111111 11111
0111111511151Ι,5051111111111111111113,40.11550.111
0111115 Severus 15, 55. 1111111551, 10. 5
1111115111111,75. 5, 53. 13, 53. 5 decursiones 1111111115, 7. 55· 3, 33. 5

1111111111111.
eust’odia senatorum 111 domibus 111011111511151111111111.

gistratuum6 111111111111111111111. 5

4, 53.111151111,4 43. 10 15, 40, 115, 15
11111530111111111153, ,,14 teg 1111 3, 53. 1111135111 11 14ιο 1111111115ι 111 Ι15115151

o u
015151. 5, 53. . ⁴ 1111153, 51. 5

 

