311 1110411

41101414 101441 11 3, 14. 4010111411, scholastici 0 11. 13. 111. 35. 41.

41. imperatorem, 18 111, 84. 84101004444111441411111114, 34.

0110444011,11.141014011111141101- Scipio 40001111 praei. opprimituri

01111,31. 40411413,16. 14, 66. 1,311.

1411144110-441111110018. 1841040 ,1111114111 3, 61. 411111 11 3, 11
8414114 tempium 13, 38. 74. 4140111114 Ρ84111100010411043,14. 11, 33. Pop

11,13. poeto 10111101 11, 1 1404411014 41
8114111144 1144444 001011, 114. 01014 responsum 11, 4. 44014111
8441114, 14. 6,11. 14114011 11, 43. niro· 4101 conrii
8414101 equor 110. 11, o. 13, 13.

84100141.1144111. 1841010 1111144001 144101 1, ω. 81-
81041141 11,14. ii 3, no. 031. 11044401 coptum populo 110. osten,
Samothracia 1, 34. 41111, 38. 4110111011οω 1114411411
81410101 monn 11, 13. tur 011.

844414 00011411 40101 o, 18. 11841010 ,411141001 minor 0011114 reor
8404101 r. 01404111. 4413, 63.

14111011 41114101 io 1044411111148101 84111001440311114001111,11, ³

orienti· 11, 41. Scribonia Ρ110011 Liciniani 014141 ii
8100010111 1441101114 4004114111 3, 4. 1,14.

10011101 11, 18. 1111110111 4441114101 84111001400111441411004 111, 11.

11, 1. 8411100140οι 0141101 11110011 (raterii
Santoni 8, 1. 1, 41. onorio 141144 4000114111
841414011, 41. 3, 33. Etruscorum 4. 39.
41111ῗῖ133141... m 1. ma 11111111111111131 0. ,

1, 16. 41414414111111, 84. Scriboniorum 14011111, 11. 31.
Sariolenum Vocnin ir 4, 41. 84141004014810004011001 rex 11 4, 84
8411114144 ii 1,·1. 3, 4. 14. 4, 4. oi. 84111144 1, 64. 63. 68. 6, 41. 44.

01. rento non utuntur ii Ι, 18. Scribit 6, 38,

10 414111111 vivunt 046. 4101411, 414 8411041404 11 3, 6. ⁸ ,

36. 141111011. 144110041 11410014044 111, 80. apud}
8411111144 1411341 11, 13. 143, 4. 4414110111 13,13.

841111184410411 841401 4114111 4, 34. 144101 ot 111114 Η 1, Ἃ.

6. 8. 1044140010141100113, 41. 84400401 v. Cannar, iuiinr, Pedaniur,
841010111413, 13. Pomponius, 8411101, Vibius.
Saturnini 1111410141 plebio 3, 11. 1441114 10 11144110 41 41140 lo, 31.
8111101011 r. 11000104, 1111114, vitei· Sedochezorum 141 il 3, 48.

irus. “ segestam 4, 43.

841010114414413, 1.4. 44441141. 84ἔ411444100140144441 1, 45. onsi-

111,11, 4144111411 13, 13. 113,18.
1141141411, 4. 141141 inicii 1, 36. 44411101411014
84014114 Trogus 11, 36. Germanicum 111. 11404 exceptus 1, 59.
8444 11111411 3, 13. 8411104111 segatio 114141 i, 11.
raxam 041110οι0 ,1104000014 13, 43. 803101040484541111411111,31.
8411011104,11. 141041101319. 8414011 1. 441101,
844411 v. 014114. · 44114114410101οΛ.
8414110111 1. 1141104. 84111 8114110 praetorii 111441. 1, 1.
8440111 virgo 144141114, 16. 841401 prior 1, 14, 4, 1.
84101141. 01101104, 8401101410 legatur 1, 10. 01414114-
84411111. 1111141104. 11411110 accurator 4,19.
844111114411.1,13. 3,13. csiir· 84144414 44 01001410 1, 63. 114, si.
01111 14411141 3, 36. 01410110115014 4411411ῐο 6, 41. 41. 11, 8,
3, 31. 0414414111 postolatur 6, 9. 841444110411140111141111, 18.
ligamen minem 49440411 1, 68. 104111 ῗ4611101414ι141ᾙο411οι401140 6, 1,
vitam 14111111 41. 1440111110 311. 14111114101413, 44.
8440101114111011 centurio 11, 50. 8401001141 81411144 pop. 1, 46. 0 33.

sceptuchi 8410414110 8, 33. 84001001141034110041 11, ω. nomer
141101110111 11114 0 33, 1, 53. ’

ione liberatur 1, 31. 41011010 ca·

 

