276

4114111 141144 11, 14.
4414114 144144 11 1, 41. 4, 1.
44411414 fl 1, 16. 84. 1, u. 1.

iunux

ii 1,11. 411441414 agger Ι41 victorie
111, 14, 411114 divom legionariorum
41 auxiliarium 11, 84. n 1, 48.

41141114 44411414 441114 11441144, 41 4144144414 11411441 11 4, 11.

4141111411 1, 41. 44. 11 1, 46. 414.
Aquilius 11141 114114 Η 1, 14.
1111411144 plaustr 11 4. 41.

41411144 44141114 u 1, 11. 1, 64.
4141441641441144 111, 1.
renitantur! 1,16. 41.

4114411141. 114. 4, 48. nomenis 111444

1, 4. 41 111141144414114141 4, 43.

’ 1141144144411141141411111,41, 1

14111114 444411414 14, 4. ruo 4111111111
relicte 14, 11.

Armenia minor 11, 1. 18, 7.

414444111411141,11. 4141114 114144- 41414411111141 14111144 4144144444 414-

11411,14. 14,11. Ubiorum 1, 41.
41. 4141411144 41 4141444444 4, 11.
court 11,14. 111441 u, 1. 441144,
14. 1444114141111144111, 4. 1111-
riuti 4. 4111411144, 11, 41411144·
11414 14, 41.

414414114144 1, 41. 44414144 nb trib.
pot. 4, 41. 4144144 4414141144 1, 11,
41414144 dir 14441144 4, 1.

414144 4, 14. 44. 1444414 inimici 11 4,1.

4141 (ieiumi. 14, 44. 11 1, 41.

41411444141441144 14, 44.

414114 44411441441111144 11, 14.

41411441 1444411144 pnp. G 18.

411444414441441. 11, 41. 41141414
44111111441.

41141 1414144114 14, 44.

4144414414444 11, 44.

41444 4441144111, 14. 14. 11.

41444414 imperii 1, 46, 41. H 1, 4,

bigni 1, 1. 44. 14, 44. oiim 41111
Aegyptii· 1, 41. 44111 Corbuloni 15,
11. 14144 recipiunt 4 4444411144 1,
4. 1144411411 4414114441 1, 4. 41-
14414111 4 6411144144 reci iuni 1, 44,
petuntur Vononi 1, 48. foen 111141-
114 6, 44. subiguntur r 4114114414
11, 1. 444144141464114144414,13.
114,14. Armeniorum 441144,14411- i
14141, 44. peruri· 11, ss.

Arminio· (1444444144 1141 1, ur. 111-

4144 4 regente 1, 48. (1141114444 4114.
411411,64. 44411411411141144 ugurt =
Ι, 41. 444114 eorum 4131411441 1, i
44. 4441111414 1141144411411411411, 1
unq. 44141444144144411411, 11. 1
1141141444 Germanico 11114411, 11, ¹
1141414414114141441, 14. mrnum 1
4441141414 uo 44444111 144. regnum
44441444 1144141141 441114 1, 88, uxor

Archermi Cr 1144. rex 1, 41. 6, 41. 41411441, 4144.

4141144 14414414 0 41.

411144 111141144 u. 1, 11.

41444 414411 ob rigna Veri recepte 1, 411410141141411111111441141,1,

41. 41 rer 1444 uerter 1, 44. 11,

41144444 01441444 u 1, 48,

41. 14, 18. 1414441411 Germrniei 41114414114011441114444114,41.
1,11. ob 1111. pot. 111441 4, 41, 41114 ’11144444 uxor 14, 41. 4114114141

41444114 11114 14, 1. 41144 11, 64. ’

Arduenna 41114 4, 11.

4144444111 11 4, 14.

Areum 1441414111 1, 44.

11111111111.111111
4441 11, 14.

Argius dispensator (14114411 1,41.

Argivi 111 cuo 11, 61.

4134111144 44114444 4, 18.

41111411 431111. u 4, 1. 1141444 Aricinum

mrter 11.
411144 4414111444 11 1, 18.
Arrun 14144 1114144144 4111111114 11, t.

1414411 414114 primum ptium 4114111111
E 4, 4. 44141114 eumer 44 tunden-
drm 11411441 11. 11141114444 rnen
114,14.111. 11144144144111441411111
4, 41 ‘exdram 4104184144,ιὶ1 Είῃ4ω44π6ἓ
proeteriit 1114111114 4111441 h 4, t.
rnnonre prreiectur 111, 64. ;

Arruntii 11, 1.

41144 Phrixi 4, 41. 1144144414 ii 4, t. 4114411114 414114 1411.

41444144 up. 11,11.

Ariminum 14 4, 41. 11.

411414114444 4111144144 141 1, 4.

4114114144 rex fl 1, 74.

4114411144 min. Armeniae rex 14, 1.
4, .

Aristonicus Pergrmenur 1, 44. 11, 41.

1411441144 1, 8. 4, 11. Tiberio 44414·

41441,14. 4,11. limus. 4441-
cendo Tiberi praeponitur 1, 14. de
eo negotio egit 111 renutu 1, 11. 4144
potentie 4, 4. 444411411444 41144 4,
1. 11, 4. recusetur 44 ipre 444414,
1141. 4444441414411441118, 1.

414404144441441114. Suionum 441 4144444144 4111144144 6, 41. interfici

custode G 44. Srrmrtrrurn 4, 44.

tutori.

 

