INDEX HISTORIOUS.

Numeri 11101 postu 11 Annales referendi 11111, 11 ruefirum retentes 011 111111
rtur, G 011 Germaniam, A 011 1911001111, 0 1 diatonum de oratoribus.

11113111111111111111111. errarent 1111. une. natentur·

1001101111111 0, 0101. 111111110, 1. 111111 11, 13, 11.

1111111100111111. 1101001111 10, 1. 11. ,1011011111

,11110111 mour 11 1. tegumen 10, 1.

1001131111 1110111 ab 0111010 0111101- 100111013111111111,10. 0111111·
111111,11. . 0110111111111,0. 111,10. 1111-

101011111110 0, 00. x 11111011, 0, 1111110, 1. 1111101111

,1010111101 11311011 0 01. 111, 10. 111101111110, 11101110

1111111111011111111,11.11. 1,11. ’11111111 1, 0, 111,11. 11111

1101111110111 trrgtcur 01011. 11 1111101111101111 urque 10 Ne·

10011110111 1111111111 1111011 1, 00. ext· 101111 11, 10,
11011110111111111110,0.00.111111- 1000110 lege 0111111 111,10. 111101-
01101111111111010111011 1, 00 tutte 11 0111111, 11111111, pro 1011111

1011101111111101111111111111111111111 11 1, 11. 111111111 prohibetur 10, 10.
0101111111 11, 0, 10011101111111, 11.

011011101111001111110. , 1011111. 1, 00.

10111111111111111 11, 10. nette v. 11111111.

1011111111. 1011111111111110110111011111,11. 11

1011111 110001111111 imperto 1111111 1, 1, 00.

70. 1111111010111111,00. 111111 11111101111, stt 1, 11, 0, 01, 11, 10,

11011 1001011 1, 10. exterretur rn- 1111110111 101111, 00. 1111 0111111101

101111111011110,10. 1101111111 010.

1110111010. 1111111011110 01. 11100111101111101111,0.
101111110111111111 10, 00. 11. 11011111, 00. 110101 1111101011111111,
11110111 001111 11, nt. 00. luxum 11011 coercent 0, 01. apud
10111111110110,11. ι 101 11011111 111111 vulgetur 1 00.
1111110110 11, 10. potenter 0011111111 10, 10.

,1011111 11110111 11011111 10,10. 1011. 1111111111 1111111 1, 0.

1111 deorum 11 10. 111111 popul} Ro· 11111111101111101111101110,10.110-
11111 0, 0. 1011. 011111 11011 10, 111011111111111111101111 111 101-
01, 1110110111, 11. 11111110,1. 11111110111,10, 111111111101110.
1111011111,71. 1,11. 10,01 11. 0,10. 111, 07. 11111111111111101
1010111111011007. 111, 01. 0110111111 1, 01. 1, 11.

10111111011111111110, 1110. 11, 1. 1001111110111100011 1, 01. center·

1111011 11 1, 1. 10111111111310 10, 10. 11111 01111111 0,10.

11010111 Ι, 0. 1, 00. 1, 0. 10111- Aeeterrex 0010001111 0, 01.

011111101111,11. Δε11111110111111 Aegaeum 111110,10. 10,11.

0, 00. Aegeu 1111111 01110111 10, 0.
10101110110111.00. 1. 01. 11111111101.1,11.
10111111101111101111 prinecps 11, 10111. ,115111111 0111111 1, ¹³·

101111 1111111111 uxor 0,17. 11111111111111, 00. Aegyptiae 1111
Addua nur. 10. 1111, 00. 11,11. ν
,111110111111100111011111111111100. 11111111 1111111111011 111,11. enlm

 

