71177071077. 797

11411144 1711114 11411141 7.

11411114 41111144, 13. 3, 37.

[111111414134111.1111,1 3,.43 41141
111111141311111111.1411111 311111411-

1411111411 11,17,111111114111111

67274707771 1411141111443, 48.
1.114111114,33.

34141114 8111111 urbs 3,73. 141141

11111414151111 14,·17.
· 141114 11411411111434 53.
111141414341111141133411.
11411111411111111 13, ’34.

1141111 11411411411411141111411114 11,34.
1141111114 114114114111441111114433,11·
11111 3411111111 1111111413 4, 33.

poena! 11113, 4. .

j 411111111111141111111.111111. 1,(11.
j 1141111111 11, 33. 3 3, 68. 14114 4, 8.
¹ 111111 111 77, 41.

11111114 3, 31. 77, 67.
14114 1141114 0 7.

14111143, 33. 33, 77.
1411141414141141433.1114141 Δ 78.

141114 1441111114 11111414111114 444114 13,

3 111111 11111144 411114 13,71.1114·

1111143, 3 66. 411414 111’33, 13.

1111411143 ’1, 41.
1111114 1111114414 14 3.
1414111411111111 1114411141 414111411 3,

331111411411447.1141111113).

11111111111113,41.
1113 4144 (7) 14, 33.·

11111 1111414 (31144111411, 31. 77. 88.
43. 44. 31. 53. 34411. 31, 66. 67.

4, 1341 (1. 33. 37. 53. 63. 13. 77. 77.

4111111114 34181414 3 3, 11, 77. 33.
3, 7. 13. 3111, 33, 37. 4, 33.
1114141,33. 33. 3 3, 33. 3,13.
ἠ. Ἧι ⁴, ⁰⁸·

1111141,33.33. 4,33 14,33.33.
33, 33. ,4 76.

41111114 3,117. 78, 7⁰. 13,11. 3

4111114 3141141114 3 3, 33. 3, 44.
4, 33. 73. 1,13111.

1111111111, 11. 67. 3, 33,

4114111114 13, 3. 7. 13, 33. 11 3, 1.

14111444111141111111114 1, 37. 3 3, 11.
ῃ.34ἳ74411..,3783 3,.11,.31

11411444111141, 37. 73. 14, 34. 77
13334 3,11.37..’3343..34
7777 3,13’. 4,,...3373733
141313,

111111ἑ11ἒ41111141, 78. 33. 75, 33411.
(1111144411114 3411141114 3 1, 41.
33. 3,133. 3,334,4,31’111.

44114411114 Ι, 37. 773, 31. 3, 777.
3, 33. 4, 33. 67.

1144111111411141 aquil· 777777770 411114.
44 ,33.

1114141114 1, 31. 37. 33. 43. 31,
34714, 34. 37. 111,34, 3, 33.

11441111114111141141144 7, 31. 37. 43.
3134. 31,31.37. 3, 43. 133.
7, 77. 13. 77. 38. 4, 33. 73. 78.
1141111143 3, 33,

4111111141411114 31, 13. 35411. 3,
133, 3, 33. 4. 34. 37. 3, 1.

1111114441111141141411111111 31,3. 11111141111111111143, 41. 14,’33. 88.
31.,333,113’14337833 33,33.

13. 44. 4114114441111411111113 1111114111114

1114’11’14”ῗ1’41114 3 1, 33. 34. 74. 7⁴1.
76⁰. 6, 14. 18. 33.

4411111141, 37. 77. 77, 37, 71777.
44. 4114 11111114 1111111134 3 4,

38, 3, 14. 13. 33.

111114 13, 43. 13, 8. 33. 31, 77.
7, 74. 33, 36. 3,13.31, 7777.

79. 4, 141. 1,1.
11114111,111.1’1.111,11.11

4ὶ14111111111111,3.4,3.,
13111 1123313313ΐῖ

43. 341141441, 13 3, 33. 1114111
3141141144, 5. 4111 4311411411 111
,411114 4 3, (11411111 11 811144, 1.
31,13.411411144111111114111111
34141114, 1411414,1)4111141144, 3.
11111111 Pannoniarum 4441111 1,13.

’1114 11114414 4, 3. mox 11411111

33. 4, 37. Μ414411114 33, 77. 1111111111 41411111) 1).111 344.
11111141, 31, 43. 67. 67. 3, 43, 4, 11111111111111111111,11.Ἰ
73. 76, 31331138 31,13. 341111143411111111144 43. 1114114,
67. 3,’43.118. 133. 3,14,33. 4, 43. 411431114311111113 33.

13..’3138..33
411143,73,.3113,33.,43111,.3
33.113,33.3,’43.4,,43

(1111111114 171141 11 3111141114 111444

1, 37. 11 1111111111 4411111143. 33,
418114113,33.114114141144111144

41414 314114111431, 6. 3, 44. 4. 1114, 33. 11114, 44.

38,,..31413

1111111Ιυῖ 411113, 33.

1111314111111111141.141141. 11411111411111111141

 

