1111111111. 313

ἵ18111. 111111 1111111 11111 Punico 11. 1111, 71. 3, 7. Υ11111111 11111111·
111 1113,11. 1. 73. 1111111111111 1111111111

8111111111111111 ll 1, 13. lll 1, Ol.

081111111111111111111 oretur 01313. 1111111111 3, 31.

Sempronlur 1111111111 111111 Augusti 811111111111111111133,3.

31111 adulter Ι, 33. longum 1111 3111111111 11111111 1, 31.
1111111111). 1111111111 Germanorum 1117.

13511111111111111111111,13. praetor repullnrr 1111111111 111, 5, 111111-
1, 11. 1111111111 11111113, 33. 111111113111111111111111 11, 3. 11

1111111113,13. 11 horter {aldem 11111111 1, 11.

1111111111111111 1111111111111 pro· prohlbltl 11 11111111,11. 111111-
11111111 1, 17. 1111111111 111 Ae· pulturem 111111111111111111 11111.
11111111111,13. 11111113, 33. 8111116111111μορ.1111111113,13.
331313333ῗὲ3 ’.31331333 11313133ωέ3 'lm‘ ¹¹ ⁴* θ’·
15. senatores 11111111111111111111ἶ 811111111.131111111,.11111111, 11111111
11111,13. 11111111131111111111 3111111111111,33,

13 , 17. , Serlplrlurn uxum 1, 11.

1111111111111113,11. ul, 11. seripho· 1111111, 83.

11111111 11111111 1111111111 ll 1, 11. 1111111, 111111111111111113.
11111111131111111,37. 13, 1. 11 3111111113, 73. 1111111111,11. ,
11311111 1111111111 13, ll. 11 templo 1181111111111111111111 1111111111,
0111111111 Venerlr 11, 37. infrequens 31. 31111111 1111111 3, 13. lanne
3,11. 11311111111111111111111111 1113, r.

1,17. 1111111 1111111, 11. lus· 111111111111111111111111311111111
1111111111 11111111 Ε 1, 11. templum 1, 31. tenen lnterrogetl lb. sl 11-
11 1111111111 1, 13. commentarii 15, 1111111 11111111111111, 1311111111-
71. 111111 1, 31. 1111111111 111, 1111111111111111111111111,11111Ι

' 31. 111111111111111111113,“1. pro· ruppllclo 13, 31. 11, 13. 11111
111111 1111111111 11, 13. ellum pru Germanorum 11 11. 11111 11111111 ll
3ίὶηὲ 1131.ωο mh amnena ‘a' ulv'rrflenum per 11111111 1, 17.

1111111111111111111111111111111, 81111111 811111 1111 11, 11. al rnor-
31. figebantur 3, 37. 11, 33. fle· 1111113111113,33. corruptor 1111
31111111111111111111 1111. 3011111 Ρ. 0111111, 11.

1111111111 1111111113111111111111, 31111111111111 11, 10.

33. ele llhro 81311111 3, 11. de Serrlllenl horel 13, 33. 11111,
1111111111 3111111111 11, 11. (le Servlllnr 1111111111 3, w. 1111111111
,111111 11, 13. 11 procuratoribus 1111111111 3, 31.

01111111 11, 11. 1111111111 poene 3111111111 1. 311111. ⁸
111 111111111111 1111111111 13, 31. 11, 313111111111, 13. 11111111113.11.
13. 11111111 111 1111111111 111111 1131113111 1311111111111111, 31. 0
orent 13, 43. 11 11111151111111- 13. 1111111111,13,

rum 13, 13. 111111 praevaricatore· 3111111 Meluglnenrlr 1111111 3111113,
11, 11. contre 111111111111111113. 33. 11111161111111 11111111 3, 71.
11. 111111-1111111111111.11. 11 11111111 1, 11. 11111111.

1111111 Poppaeae reponentur lll, 71. 3111111 ’1111111 1111111 legum 3, ln.

11 11111111111111111111 1111111111· 1111111111111113,11. 113, 71. ·
1111111Ἰ 1, 31. 11,31. 111, 61. de 81111131, 13.
11113111111111113.11. 1111113111 311111111111111111, 18.
1111111111113111111 13, 11. 3111111 1111111111111111111 13,11.

Seneca 1. 11111111 3111111. ,1111111 1. 11111111, 11111111, (1111111,
8111111111 1. 31111111, 1111111111, Tul· gufflm' 11111111, 01111111, curtina,

11. 11 1111.

3111111111111111111, 13. eutr· 11111111 311111 uxor 3, 11.

311111111, 14. 13, ll· 311111 33111111 111111 necetur 13,

11111113 111111111111111,1. 1111.

carellus 11111 1111111111 1, 71. 3113111311111111111111133133.11*
1111111111 11111111 11 urben 1111· 11111113,17.

 

